# This file may be used to create an environment using:
# $ conda create --name <env> --file <this file>
# platform: win-64
asttokens=3.0.0=pyhd8ed1ab_1
bzip2=1.0.8=h2466b09_7
ca-certificates=2025.6.15=h4c7d964_0
colorama=0.4.6=pyhd8ed1ab_1
comm=0.2.2=pyhd8ed1ab_1
contourpy=1.3.2=pypi_0
cpython=3.10.18=py310hd8ed1ab_0
cycler=0.12.1=pypi_0
debugpy=1.8.14=py310h9e98ed7_0
decorator=5.2.1=pyhd8ed1ab_0
dython=0.7.9=pypi_0
exceptiongroup=1.3.0=pyhd8ed1ab_0
executing=2.2.0=pyhd8ed1ab_0
filelock=3.18.0=pypi_0
fonttools=4.58.4=pypi_0
fsspec=2025.5.1=pypi_0
importlib-metadata=8.7.0=pyhe01879c_1
ipykernel=6.29.5=pyh4bbf305_0
ipython=8.37.0=pyha7b4d00_0
jedi=0.19.2=pyhd8ed1ab_1
jinja2=3.1.6=pypi_0
joblib=1.5.1=pypi_0
jupyter_client=8.6.3=pyhd8ed1ab_1
jupyter_core=5.8.1=pyh5737063_0
kiwisolver=1.4.8=pypi_0
krb5=1.21.3=hdf4eb48_0
libexpat=2.7.0=he0c23c2_0
libffi=3.4.6=h537db12_1
liblzma=5.8.1=h2466b09_2
libsodium=1.0.20=hc70643c_0
libsqlite=3.50.1=h053a19d_4
libzlib=1.3.1=h2466b09_2
markupsafe=3.0.2=pypi_0
matplotlib=3.10.3=pypi_0
matplotlib-inline=0.1.7=pyhd8ed1ab_1
mpmath=1.3.0=pypi_0
nest-asyncio=1.6.0=pyhd8ed1ab_1
networkx=3.4.2=pypi_0
numpy=2.2.6=pypi_0
openssl=3.5.0=ha4e3fda_1
opt-einsum=3.4.0=pypi_0
packaging=25.0=pyh29332c3_1
pandas=2.3.0=pypi_0
parso=0.8.4=pyhd8ed1ab_1
patsy=1.0.1=pypi_0
pgmpy=1.0.0=pypi_0
pickleshare=0.7.5=pyhd8ed1ab_1004
pillow=11.2.1=pypi_0
pip=25.1.1=pyh8b19718_0
platformdirs=4.3.8=pyhe01879c_0
prompt-toolkit=3.0.51=pyha770c72_0
psutil=7.0.0=py310ha8f682b_0
pure_eval=0.2.3=pyhd8ed1ab_1
pygments=2.19.1=pyhd8ed1ab_0
pyparsing=3.2.3=pypi_0
pyro-api=0.1.2=pypi_0
pyro-ppl=1.9.1=pypi_0
python=3.10.18=h8c5b53a_0_cpython
python-dateutil=2.9.0.post0=pyhff2d567_1
python_abi=3.10=7_cp310
pytz=2025.2=pypi_0
pywin32=307=py310h9e98ed7_3
pyzmq=27.0.0=py310h656833d_0
scikit-learn=1.7.0=pypi_0
scipy=1.15.3=pypi_0
seaborn=0.13.2=pypi_0
setuptools=80.9.0=pyhff2d567_0
six=1.17.0=pyhd8ed1ab_0
stack_data=0.6.3=pyhd8ed1ab_1
statsmodels=0.14.4=pypi_0
sympy=1.14.0=pypi_0
threadpoolctl=3.6.0=pypi_0
tk=8.6.13=h2c6b04d_2
torch=2.7.1=pypi_0
tornado=6.5.1=py310ha8f682b_0
tqdm=4.67.1=pypi_0
traitlets=5.14.3=pyhd8ed1ab_1
typing_extensions=4.14.0=pyhe01879c_0
tzdata=2025.2=pypi_0
ucrt=10.0.22621.0=h57928b3_1
vc=14.3=h41ae7f8_26
vc14_runtime=14.44.35208=h818238b_26
wcwidth=0.2.13=pyhd8ed1ab_1
wheel=0.45.1=pyhd8ed1ab_1
zeromq=4.3.5=ha9f60a1_7
zipp=3.23.0=pyhd8ed1ab_0
